625
0 0 19 2 0 1 1 0
0 1 8 4 0 0 1 0 0 2 1 1
0 2 17 4 1 2 1 1 0 1 0 3
0 3 19 3 0 4 1 2 0 2
0 4 13 4 0 5 0 3 1 3 1 4
0 5 9 4 0 4 1 4 1 5 0 6
0 6 13 4 1 6 0 7 1 5 0 5
0 7 10 4 1 7 1 6 0 6 0 8
0 8 14 4 1 8 1 7 0 9 0 7
0 9 9 3 0 10 1 9 0 8
0 10 8 3 1 10 0 9 1 9
0 11 16 3 1 10 0 12 1 11
0 12 15 4 0 11 1 11 1 12 0 13
0 13 19 3 1 13 0 14 0 12
0 14 14 3 1 13 1 14 0 13
0 15 13 1 1 15
0 16 19 2 0 17 1 15
0 17 19 4 0 18 0 16 1 17 1 16
0 18 8 4 1 17 0 17 1 18 0 19
0 19 15 4 0 20 1 18 0 18 1 19
0 20 14 4 0 21 0 19 1 20 1 19
0 21 18 2 0 20 1 21
0 22 12 2 1 21 0 23
0 23 15 4 1 23 0 24 1 22 0 22
0 24 11 3 1 23 0 23 1 24
1 0 15 5 2 0 1 1 0 1 2 1 0 0
1 1 17 4 2 1 1 0 0 2 0 1
1 2 9 5 0 2 0 3 2 3 1 3 2 2
1 3 17 4 0 4 2 3 2 4 1 2
1 4 17 4 0 5 2 5 0 4 1 5
1 5 17 6 2 5 0 5 2 6 0 6 1 6 1 4
1 6 8 5 0 6 0 7 2 6 1 7 1 5
1 7 8 5 0 7 2 8 1 8 1 6 0 8
1 8 12 4 2 9 1 7 0 8 2 8
1 9 13 4 2 10 2 9 0 10 0 9
1 10 18 5 0 11 0 10 2 10 2 11 1 11
1 11 16 5 0 11 0 12 1 12 2 12 1 10
1 12 19 4 2 13 1 13 0 12 1 11
1 13 12 5 0 14 0 13 2 13 1 12 2 14
1 14 12 4 2 15 0 14 1 15 2 14
1 15 12 5 1 16 2 16 1 14 0 16 0 15
1 16 11 5 1 15 1 17 2 17 0 17 2 16
1 17 20 5 0 18 1 16 0 17 2 18 2 17
1 18 15 4 1 19 0 18 2 18 0 19
1 19 14 5 1 18 2 19 2 20 0 19 0 20
1 20 16 2 0 20 1 21
1 21 13 5 1 22 0 21 2 21 0 22 1 20
1 22 13 4 1 23 1 21 0 23 2 22
1 23 14 5 0 23 0 24 1 22 1 24 2 24
1 24 8 3 2 24 0 24 1 23
2 0 18 3 1 0 2 1 3 0
2 1 15 5 1 1 2 0 2 2 1 0 3 0
2 2 16 5 3 1 2 3 2 1 3 2 1 2
2 3 11 4 1 3 1 2 2 2 2 4
2 4 9 4 1 3 3 3 3 4 2 3
2 5 15 4 3 4 1 5 1 4 2 6
2 6 14 4 1 5 2 5 1 6 3 6
2 7 18 2 3 7 3 6
2 8 11 5 3 7 3 8 1 7 2 9 1 8
2 9 18 5 1 8 3 8 1 9 3 9 2 8
2 10 15 5 1 9 1 10 3 10 3 9 2 11
2 11 15 4 2 12 3 10 1 10 2 10
2 12 9 5 3 12 2 11 2 13 3 11 1 11
2 13 8 4 1 12 1 13 2 12 3 13
2 14 8 5 1 14 3 13 2 15 3 14 1 13
2 15 19 3 1 14 2 14 3 14
2 16 19 5 3 16 1 15 3 15 1 16 2 17
2 17 14 4 3 16 1 16 1 17 2 16
2 18 11 4 1 18 3 17 3 18 1 17
2 19 12 2 1 19 2 20
2 20 12 4 3 20 2 19 1 19 3 19
2 21 10 4 3 20 1 21 2 22 3 21
2 22 10 4 2 21 1 22 2 23 3 21
2 23 16 4 2 24 3 23 2 22 3 22
2 24 14 4 3 23 2 23 1 24 1 23
3 0 13 5 4 1 3 1 2 1 2 0 4 0
3 1 18 4 4 1 2 2 4 2 3 0
3 2 19 4 3 3 4 3 4 2 2 2
3 3 20 5 4 4 3 2 4 3 3 4 2 4
3 4 16 5 2 5 4 4 3 5 3 3 2 4
3 5 14 4 4 6 3 4 3 6 4 5
3 6 20 5 4 6 3 5 3 7 2 6 2 7
3 7 19 6 2 7 3 8 4 8 2 8 4 7 3 6
3 8 9 5 3 7 3 9 2 9 2 8 4 8
3 9 15 5 3 8 2 9 2 10 4 10 3 10
3 10 18 5 3 11 2 11 2 10 4 10 3 9
3 11 13 5 3 10 3 12 4 11 4 12 2 12
3 12 11 3 2 12 3 11 3 13
3 13 15 6 4 13 2 14 3 14 3 12 2 13 4 14
3 14 18 5 4 15 3 13 2 14 2 15 4 14
3 15 13 3 4 15 4 16 2 16
3 16 18 5 2 16 2 17 4 17 4 16 3 17
3 17 16 5 3 18 4 18 2 18 4 17 3 16
3 18 16 5 4 19 3 17 4 18 3 19 2 18
3 19 11 4 4 19 2 20 4 20 3 18
3 20 18 5 2 20 3 21 2 21 4 21 4 20
3 21 15 6 4 21 4 22 3 20 3 22 2 21 2 22
3 22 13 5 4 23 4 22 3 21 3 23 2 23
3 23 15 5 2 24 4 24 4 23 3 22 2 23
3 24 18 1 4 24
4 0 13 1 3 0
4 1 17 4 3 1 3 0 5 0 5 1
4 2 10 3 4 3 3 1 3 2
4 3 8 6 3 2 5 2 5 3 4 4 4 2 3 3
4 4 19 6 3 3 5 4 3 4 4 5 4 3 5 3
4 5 19 3 5 4 4 4 3 5
4 6 13 4 3 6 3 5 4 7 5 5
4 7 10 5 5 6 4 8 3 7 5 7 4 6
4 8 11 5 3 7 4 9 4 7 5 7 3 8
4 9 18 4 4 8 4 10 5 9 5 8
4 10 13 4 5 9 4 9 3 10 3 9
4 11 12 3 3 11 4 12 5 11
4 12 13 5 4 11 5 12 3 11 5 11 4 13
4 13 16 4 3 13 5 13 4 14 4 12
4 14 16 6 5 14 5 13 4 13 4 15 3 13 3 14
4 15 9 5 3 15 3 14 4 16 5 14 4 14
4 16 13 6 3 15 4 15 4 17 5 16 3 16 5 15
4 17 14 5 5 17 4 16 3 16 5 16 3 17
4 18 12 4 3 17 3 18 5 17 4 19
4 19 9 5 5 19 3 18 3 19 5 18 4 18
4 20 18 5 3 19 4 21 5 19 5 20 3 20
4 21 10 5 3 21 5 21 4 22 4 20 3 20
4 22 11 3 3 21 3 22 4 21
4 23 16 4 3 22 3 23 5 22 5 23
4 24 16 4 5 24 3 23 5 23 3 24
5 0 11 4 4 1 6 0 5 1 6 1
5 1 20 4 5 2 5 0 6 1 4 1
5 2 9 5 4 3 5 1 5 3 6 3 6 2
5 3 17 6 6 4 4 3 6 3 4 4 5 4 5 2
5 4 10 5 4 5 4 4 6 5 5 3 5 5
5 5 8 5 6 5 5 6 6 6 5 4 4 6
5 6 10 4 4 7 6 6 5 5 6 7
5 7 14 3 6 7 4 8 4 7
5 8 10 4 5 9 6 8 6 9 4 9
5 9 8 6 5 8 6 10 4 10 5 10 4 9 6 9
5 10 9 2 5 9 5 11
5 11 15 5 6 12 4 12 6 11 5 10 4 11
5 12 15 3 5 13 4 12 6 13
5 13 15 5 5 12 4 14 4 13 6 13 5 14
5 14 17 5 5 15 6 15 4 14 5 13 4 15
5 15 18 3 5 14 5 16 4 16
5 16 13 6 5 17 6 16 4 16 6 17 5 15 4 17
5 17 18 6 4 17 5 18 5 16 6 17 6 18 4 18
5 18 16 3 5 17 4 19 6 18
5 19 12 5 4 19 6 20 6 19 5 20 4 20
5 20 20 4 6 21 5 21 5 19 4 20
5 21 16 5 6 22 6 21 4 21 5 20 5 22
5 22 8 5 4 23 6 23 5 23 6 22 5 21
5 23 12 4 4 24 5 24 5 22 4 23
5 24 10 3 4 24 5 23 6 24
6 0 15 3 6 1 5 0 7 0
6 1 17 5 7 1 7 0 6 0 5 1 5 0
6 2 16 4 7 1 6 3 5 2 7 2
6 3 19 6 6 4 7 2 7 3 5 3 5 2 6 2
6 4 13 5 6 3 5 3 6 5 7 4 7 3
6 5 11 5 7 4 5 5 7 5 5 4 6 4
6 6 12 4 6 7 5 6 5 5 7 5
6 7 10 5 6 8 6 6 5 7 7 6 5 6
6 8 8 5 6 7 6 9 5 8 7 8 7 7
6 9 18 3 6 8 5 8 5 9
6 10 8 1 5 9
6 11 9 3 6 12 7 11 5 11
6 12 10 4 5 11 6 11 7 12 6 13
6 13 14 5 5 13 6 12 7 12 5 12 6 14
6 14 18 3 7 13 6 13 6 15
6 15 17 5 7 14 7 15 5 14 6 16 6 14
6 16 20 5 5 16 6 15 6 17 7 15 7 16
6 17 17 6 5 17 7 16 7 17 5 16 6 16 6 18
6 18 8 6 5 17 6 19 5 18 6 17 7 18 7 17
6 19 17 5 7 19 7 18 5 19 6 18 6 20
6 20 9 5 5 19 7 20 6 21 7 19 6 19
6 21 17 5 5 21 5 20 6 20 6 22 7 21
6 22 11 6 5 21 7 21 7 22 5 22 6 23 6 21
6 23 15 4 7 23 5 22 7 22 6 22
6 24 18 2 7 23 5 24
7 0 9 5 7 1 6 1 8 0 6 0 8 1
7 1 17 6 7 0 7 2 6 1 6 2 8 2 8 1
7 2 13 6 7 1 8 3 6 3 7 3 8 2 6 2
7 3 18 4 7 2 6 3 8 4 6 4
7 4 16 4 8 5 6 5 6 4 7 5
7 5 10 6 6 5 8 5 7 6 8 6 7 4 6 6
7 6 12 2 7 5 6 7
7 7 20 3 8 7 6 8 8 8
7 8 13 3 8 8 6 8 7 9
7 9 15 2 7 10 7 8
7 10 12 3 7 9 7 11 8 10
7 11 8 3 7 12 6 11 7 10
7 12 12 5 7 11 8 13 7 13 6 12 6 13
7 13 17 3 8 13 7 12 6 14
7 14 18 4 6 15 8 14 8 15 7 15
7 15 15 4 6 15 7 16 6 16 7 14
7 16 9 5 7 15 6 17 8 17 7 17 6 16
7 17 13 5 8 17 6 17 7 18 7 16 6 18
7 18 18 5 7 19 6 19 8 18 7 17 6 18
7 19 13 6 6 19 7 18 8 19 8 20 6 20 7 20
7 20 19 5 6 20 7 21 8 20 8 21 7 19
7 21 18 5 6 22 7 22 7 20 8 22 6 21
7 22 19 5 8 22 7 23 7 21 6 22 6 23
7 23 9 5 6 23 7 22 8 23 7 24 6 24
7 24 13 2 7 23 8 24
8 0 12 3 9 0 7 0 8 1
8 1 10 6 8 2 7 1 9 1 7 0 8 0 9 0
8 2 13 4 9 1 8 1 7 1 7 2
8 3 13 4 8 4 7 2 9 2 9 3
8 4 17 3 8 3 9 4 7 3
8 5 11 4 7 4 8 6 7 5 9 5
8 6 17 5 8 5 8 7 7 5 9 6 9 5
8 7 18 5 7 7 8 6 9 7 8 8 9 6
8 8 14 6 7 8 8 7 9 8 8 9 9 7 7 7
8 9 13 2 9 8 8 8
8 10 16 3 8 11 9 9 7 10
8 11 17 3 8 10 9 11 9 10
8 12 12 3 9 11 9 12 8 13
8 13 12 6 7 13 9 13 8 14 7 12 8 12 9 12
8 14 20 4 8 13 7 14 8 15 9 13
8 15 17 5 8 16 8 14 7 14 9 14 9 15
8 16 15 4 8 15 9 16 8 17 9 15
8 17 19 5 7 17 9 17 8 18 8 16 7 16
8 18 18 5 8 17 8 19 7 18 9 17 9 18
8 19 10 5 7 19 8 18 9 18 9 19 8 20
8 20 17 5 7 19 7 20 8 21 9 20 8 19
8 21 19 5 9 20 9 21 8 22 8 20 7 20
8 22 11 6 7 22 8 23 8 21 7 21 9 21 9 22
8 23 10 4 8 22 7 23 9 23 8 24
8 24 8 3 7 24 8 23 9 23
9 0 19 5 9 1 10 0 8 0 10 1 8 1
9 1 12 4 9 0 8 2 10 2 8 1
9 2 19 3 9 3 8 3 10 2
9 3 9 3 9 2 8 3 9 4
9 4 11 4 10 5 8 4 9 5 9 3
9 5 19 6 10 6 8 5 9 4 9 6 8 6 10 5
9 6 12 5 10 6 9 5 8 6 9 7 8 7
9 7 18 6 10 7 10 8 8 7 9 6 8 8 9 8
9 8 18 6 10 9 8 9 9 9 10 8 8 8 9 7
9 9 11 4 9 10 10 10 9 8 8 10
9 10 19 5 10 11 9 9 8 11 10 10 9 11
9 11 14 5 8 12 8 11 10 12 10 11 9 10
9 12 20 5 10 12 10 13 9 13 8 12 8 13
9 13 8 5 8 13 10 14 9 12 9 14 8 14
9 14 17 4 10 15 9 13 10 14 8 15
9 15 15 5 9 16 8 16 10 16 10 15 8 15
9 16 10 4 10 16 8 16 9 15 9 17
9 17 15 6 10 17 9 18 8 17 8 18 10 18 9 16
9 18 12 4 9 17 8 19 8 18 9 19
9 19 18 5 10 20 8 19 10 19 9 20 9 18
9 20 14 6 8 21 8 20 10 21 9 21 10 20 9 19
9 21 14 6 8 21 10 22 8 22 9 22 9 20 10 21
9 22 11 5 9 21 8 22 10 23 9 23 10 22
9 23 17 4 8 23 10 24 8 24 9 22
9 24 19 1 10 24
10 0 11 2 10 1 9 0
10 1 9 5 10 0 11 0 10 2 9 0 11 1
10 2 13 6 11 1 11 2 10 3 9 2 9 1 10 1
10 3 17 3 10 2 11 3 10 4
10 4 12 3 11 3 10 3 10 5
10 5 17 5 9 4 11 4 10 6 9 5 10 4
10 6 13 5 11 5 9 6 9 5 11 6 10 5
10 7 18 3 11 6 11 7 9 7
10 8 19 4 11 8 9 7 9 8 10 9
10 9 18 3 9 8 11 8 10 8
10 10 9 5 10 11 11 10 9 9 11 9 9 10
10 11 14 5 9 10 10 10 9 11 10 12 11 10
10 12 16 5 9 12 9 11 10 11 11 11 10 13
10 13 12 3 9 12 11 13 10 12
10 14 11 4 10 15 11 13 9 13 9 14
10 15 16 5 10 14 11 14 9 14 10 16 9 15
10 16 11 6 9 16 10 17 10 15 11 15 9 15 11 16
10 17 16 3 10 16 9 17 10 18
10 18 16 5 10 19 10 17 11 18 9 17 11 17
10 19 9 5 10 18 10 20 9 19 11 19 11 18
10 20 14 6 11 20 9 19 10 21 10 19 9 20 11 19
10 21 18 6 11 21 11 20 10 20 9 20 10 22 9 21
10 22 17 5 10 23 11 22 9 21 10 21 9 22
10 23 19 3 10 22 11 22 9 22
10 24 15 3 9 24 9 23 11 23
11 0 11 3 12 0 10 1 11 1
11 1 15 6 12 2 12 1 10 2 11 2 11 0 10 1
11 2 13 3 10 2 12 2 11 1
11 3 8 4 10 4 12 4 10 3 12 3
11 4 18 4 12 5 11 5 10 5 12 4
11 5 8 4 10 6 12 5 12 6 11 4
11 6 18 4 10 7 10 6 12 6 11 7
11 7 15 4 10 7 11 8 12 7 11 6
11 8 13 6 10 8 10 9 12 9 11 9 11 7 12 8
11 9 8 4 10 10 12 9 12 10 11 8
11 10 14 5 10 10 12 11 11 11 10 11 12 10
11 11 12 5 11 12 11 10 12 12 10 12 12 11
11 12 14 4 11 11 12 12 11 13 12 13
11 13 11 5 10 14 11 14 11 12 10 13 12 14
11 14 19 5 10 15 11 13 12 15 11 15 12 14
11 15 17 4 12 15 11 16 11 14 10 16
11 16 16 4 12 17 11 15 11 17 10 16
11 17 10 4 12 17 11 16 11 18 10 18
11 18 16 6 10 18 11 19 12 18 11 17 12 19 10 19
11 19 8 3 11 18 10 19 10 20
11 20 20 4 10 20 11 21 10 21 12 21
11 21 9 3 10 21 11 20 12 21
11 22 14 5 10 23 10 22 11 23 12 23 12 22
11 23 12 5 12 23 12 24 11 22 10 24 11 24
11 24 9 1 11 23
12 0 13 3 11 0 12 1 13 0
12 1 13 5 12 2 11 1 12 0 13 0 13 1
12 2 19 5 12 1 11 1 13 1 11 2 13 2
12 3 19 3 13 2 13 3 11 3
12 4 11 5 11 3 11 4 12 5 13 3 13 4
12 5 8 6 13 5 11 4 11 5 12 6 13 4 12 4
12 6 10 6 13 5 11 5 12 7 12 5 13 6 11 6
12 7 15 5 12 6 13 7 13 6 12 8 11 7
12 8 17 5 12 9 13 8 12 7 11 8 13 7
12 9 15 5 11 9 11 8 13 8 12 10 12 8
12 10 15 6 12 11 13 10 11 9 12 9 13 9 11 10
12 11 8 4 11 10 12 10 11 11 12 12
12 12 20 5 13 12 12 13 11 12 11 11 12 11
12 13 12 4 12 12 13 12 11 12 13 13
12 14 8 4 13 14 13 13 11 13 11 14
12 15 17 4 13 15 11 15 11 14 13 14
12 16 15 3 12 17 13 16 13 15
12 17 16 4 11 16 12 16 11 17 13 17
12 18 8 3 13 18 12 19 11 18
12 19 12 4 12 20 12 18 13 19 11 18
12 20 17 3 12 19 13 20 12 21
12 21 11 5 13 20 11 21 12 20 11 20 12 22
12 22 13 5 12 23 13 22 13 21 11 22 12 21
12 23 10 6 13 22 13 23 11 23 12 22 12 24 11 22
12 24 9 4 13 23 12 23 11 23 13 24
13 0 19 5 13 1 12 1 14 0 14 1 12 0
13 1 14 6 12 2 14 1 13 0 13 2 14 2 12 1
13 2 15 4 12 3 14 3 13 1 12 2
13 3 18 4 14 3 12 3 14 4 12 4
13 4 20 4 14 5 14 4 12 5 12 4
13 5 20 4 12 6 14 6 12 5 14 5
13 6 15 3 14 6 12 6 12 7
13 7 13 4 14 8 12 7 14 7 12 8
13 8 13 4 14 8 12 9 12 8 14 9
13 9 20 3 14 10 12 10 14 9
13 10 13 3 12 10 13 11 14 10
13 11 14 2 14 12 13 10
13 12 12 5 12 12 12 13 13 13 14 12 14 13
13 13 12 4 12 14 13 12 12 13 14 14
13 14 14 4 12 14 14 15 13 15 12 15
13 15 16 5 14 16 12 15 13 16 13 14 12 16
13 16 19 4 13 15 12 16 13 17 14 16
13 17 11 5 14 17 14 18 13 16 12 17 13 18
13 18 19 3 14 18 12 18 13 17
13 19 11 4 14 19 13 20 14 20 12 19
13 20 13 5 14 21 12 21 14 20 12 20 13 19
13 21 9 4 14 21 13 22 14 22 12 22
13 22 20 6 12 23 14 23 14 22 13 23 12 22 13 21
13 23 15 6 12 24 13 24 12 23 13 22 14 24 14 23
13 24 18 2 13 23 12 24
14 0 15 1 13 0
14 1 19 4 15 1 13 1 14 2 13 0
14 2 8 4 15 1 14 1 13 1 15 2
14 3 19 5 13 2 14 4 15 2 13 3 15 3
14 4 8 6 14 3 15 4 13 4 13 3 14 5 15 3
14 5 13 4 13 4 15 5 13 5 14 4
14 6 14 3 13 5 14 7 13 6
14 7 10 4 14 6 14 8 13 7 15 7
14 8 13 5 13 7 15 8 13 8 14 9 14 7
14 9 19 5 14 10 15 9 14 8 13 9 13 8
14 10 19 6 14 9 15 10 13 9 15 9 14 11 13 10
14 11 9 3 14 12 14 10 15 10
14 12 9 6 13 11 14 11 15 12 15 11 14 13 13 12
14 13 9 5 14 14 15 12 14 12 15 13 13 12
14 14 15 5 14 13 15 14 15 13 13 13 14 15
14 15 19 4 13 14 15 14 14 14 15 15
14 16 17 4 13 15 15 15 13 16 14 17
14 17 16 4 13 17 15 17 14 16 14 18
14 18 19 6 13 18 13 17 14 19 15 17 15 18 14 17
14 19 9 4 14 20 13 19 14 18 15 18
14 20 16 6 14 19 15 20 13 20 15 19 13 19 14 21
14 21 14 6 13 21 13 20 15 21 15 20 14 22 14 20
14 22 9 5 13 22 15 21 13 21 14 23 14 21
14 23 11 5 14 24 13 22 14 22 15 23 13 23
14 24 20 2 14 23 13 23
15 0 20 2 16 1 16 0
15 1 16 4 14 1 14 2 16 1 15 2
15 2 19 6 14 3 15 3 15 1 16 2 16 3 14 2
15 3 17 6 16 4 15 2 14 3 15 4 16 3 14 4
15 4 8 3 14 4 15 3 16 4
15 5 10 3 14 5 16 6 15 6
15 6 13 4 15 7 16 7 15 5 16 6
15 7 18 4 15 6 16 8 16 7 14 7
15 8 8 4 14 8 16 9 16 8 15 9
15 9 10 5 16 10 14 9 14 10 15 10 15 8
15 10 13 6 16 11 16 10 15 11 14 10 15 9 14 11
15 11 19 5 16 12 15 10 15 12 14 12 16 11
15 12 15 4 14 13 15 11 16 12 14 12
15 13 20 5 16 13 16 14 14 14 15 14 14 13
15 14 17 3 14 14 14 15 15 13
15 15 9 4 14 16 16 15 16 16 14 15
15 16 17 2 16 16 15 17
15 17 18 5 14 17 15 18 15 16 14 18 16 18
15 18 9 4 15 17 14 19 14 18 16 18
15 19 20 4 14 20 16 20 15 20 16 19
15 20 10 6 16 20 14 20 14 21 15 19 15 21 16 21
15 21 20 5 14 22 14 21 16 21 16 22 15 20
15 22 15 2 16 23 16 22
15 23 16 3 16 23 14 23 15 24
15 24 17 2 15 23 16 24
16 0 20 2 15 0 16 1
16 1 10 6 15 0 15 1 17 1 16 0 16 2 17 0
16 2 18 5 16 3 17 1 16 1 15 2 17 2
16 3 13 5 16 2 17 2 17 3 15 3 15 2
16 4 10 5 17 4 15 3 17 3 15 4 16 5
16 5 20 3 17 5 17 4 16 4
16 6 13 3 16 7 15 5 15 6
16 7 20 6 17 6 16 6 16 8 15 7 17 7 15 6
16 8 15 5 15 7 17 8 15 8 16 7 16 9
16 9 9 4 17 9 15 8 16 8 16 10
16 10 12 6 15 9 17 9 15 10 16 11 17 10 16 9
16 11 13 6 15 10 16 10 17 10 17 11 15 11 16 12
16 12 14 6 15 11 16 13 15 12 17 12 17 11 16 11
16 13 18 5 17 13 15 13 16 12 16 14 17 12
16 14 12 5 15 13 16 15 17 14 16 13 17 13
16 15 13 3 16 14 17 15 15 15
16 16 8 3 15 16 16 17 15 15
16 17 12 3 16 18 17 16 16 16
16 18 17 6 16 19 17 17 17 18 16 17 15 17 15 18
16 19 16 5 16 18 17 19 16 20 17 18 15 19
16 20 18 5 17 19 15 20 17 20 15 19 16 19
16 21 12 5 15 21 16 22 17 20 15 20 17 21
16 22 17 5 15 22 16 23 16 21 15 21 17 21
16 23 13 4 17 22 15 22 15 23 16 22
16 24 14 2 17 23 15 24
17 0 11 4 17 1 18 1 18 0 16 1
17 1 20 6 17 0 17 2 16 2 16 1 18 1 18 2
17 2 17 5 17 3 17 1 18 2 16 3 16 2
17 3 16 5 17 2 17 4 18 4 16 3 16 4
17 4 8 6 16 4 17 3 17 5 16 5 18 4 18 5
17 5 9 3 16 5 17 4 18 5
17 6 15 4 18 6 16 7 18 7 17 7
17 7 9 5 16 7 17 8 18 7 17 6 18 8
17 8 16 3 17 9 16 8 17 7
17 9 18 5 17 8 17 10 16 10 16 9 18 10
17 10 15 5 17 9 18 10 16 11 16 10 17 11
17 11 17 6 18 12 16 11 18 11 17 10 16 12 17 12
17 12 9 6 17 13 18 13 18 12 16 13 16 12 17 11
17 13 13 6 18 13 16 13 17 12 16 14 18 14 17 14
17 14 8 5 17 15 16 14 18 15 18 14 17 13
17 15 9 5 18 16 17 14 16 15 18 15 17 16
17 16 11 5 16 17 18 17 17 17 18 16 17 15
17 17 8 4 16 18 18 17 17 16 18 18
17 18 9 3 17 19 16 18 16 19
17 19 16 5 17 18 16 20 16 19 17 20 18 20
17 20 12 6 17 19 16 20 18 20 16 21 18 21 17 21
17 21 20 5 17 22 18 21 17 20 16 22 16 21
17 22 11 4 16 23 18 23 17 21 18 22
17 23 8 3 16 24 18 23 18 24
17 24 19 1 18 24
18 0 16 3 19 0 18 1 17 0
18 1 15 5 17 0 19 0 18 0 17 1 19 1
18 2 14 4 17 2 19 1 18 3 17 1
18 3 10 2 18 2 19 2
18 4 18 3 17 3 17 4 18 5
18 5 11 5 19 4 18 6 18 4 17 4 17 5
18 6 12 5 17 6 19 6 18 7 19 5 18 5
18 7 17 5 18 8 18 6 17 6 19 6 17 7
18 8 13 5 18 9 19 8 18 7 19 7 17 7
18 9 14 3 18 8 19 9 19 8
18 10 20 3 17 10 18 11 17 9
18 11 19 5 19 10 18 12 19 11 17 11 18 10
18 12 16 4 19 11 18 11 17 12 17 11
18 13 12 4 17 13 18 14 17 12 19 12
18 14 14 4 18 13 17 14 17 13 19 14
18 15 8 3 18 16 17 14 17 15
18 16 16 4 17 15 18 15 19 15 17 16
18 17 17 4 17 17 19 17 17 16 18 18
18 18 12 3 19 17 17 17 18 17
18 19 8 3 19 19 19 18 18 20
18 20 17 5 18 21 19 20 17 19 17 20 18 19
18 21 13 6 18 20 18 22 19 21 19 20 17 21 17 20
18 22 9 3 19 21 18 21 17 22
18 23 10 5 19 23 19 22 17 22 17 23 18 24
18 24 14 4 17 23 18 23 19 24 17 24
19 0 13 4 20 0 18 0 18 1 19 1
19 1 9 6 20 1 18 2 19 2 20 2 19 0 18 1
19 2 16 5 19 1 20 2 20 3 18 3 19 3
19 3 13 4 19 4 20 4 19 2 20 3
19 4 19 4 20 4 19 3 18 5 19 5
19 5 18 3 20 5 18 6 19 4
19 6 14 3 18 6 20 6 18 7
19 7 9 4 20 8 18 8 19 8 20 7
19 8 13 6 18 8 20 9 20 8 19 9 18 9 19 7
19 9 12 3 18 9 19 8 20 10
19 10 16 4 18 11 20 10 19 11 20 11
19 11 10 6 20 11 18 12 18 11 19 12 20 12 19 10
19 12 19 3 20 12 19 11 18 13
19 13 19 2 20 13 20 14
19 14 15 4 20 15 19 15 18 14 20 14
19 15 8 5 20 15 20 16 19 14 19 16 18 16
19 16 18 4 20 17 19 15 20 16 19 17
19 17 12 5 19 18 18 18 18 17 19 16 20 17
19 18 11 5 20 19 18 19 19 17 19 19 20 18
19 19 14 5 18 19 20 20 19 20 19 18 20 19
19 20 9 6 19 21 19 19 18 20 18 21 20 20 20 21
19 21 18 5 19 20 18 22 20 22 18 21 20 21
19 22 15 4 18 23 20 22 19 23 20 23
19 23 9 5 18 23 19 22 20 23 20 24 19 24
19 24 9 3 20 24 19 23 18 24
20 0 11 3 19 0 21 0 20 1
20 1 11 4 19 1 20 0 20 2 21 0
20 2 18 6 20 3 21 2 20 1 19 1 19 2 21 1
20 3 9 6 20 2 20 4 21 3 21 2 19 2 19 3
20 4 9 6 19 4 20 3 21 4 19 3 20 5 21 3
20 5 18 4 19 5 21 4 20 4 20 6
20 6 20 4 21 5 19 6 21 6 20 5
20 7 17 4 20 8 21 6 19 7 21 7
20 8 15 6 21 7 20 7 19 7 19 8 21 8 20 9
20 9 13 4 19 8 20 10 21 8 20 8
20 10 15 6 20 11 20 9 19 10 21 10 21 9 19 9
20 11 18 5 20 10 19 11 21 11 21 10 19 10
20 12 10 5 20 13 21 11 21 12 19 12 19 11
20 13 15 4 20 12 19 13 21 12 20 14
20 14 11 5 20 15 21 14 19 13 20 13 19 14
20 15 20 6 21 14 20 14 19 15 19 14 20 16 21 15
20 16 15 6 21 16 21 15 19 15 20 17 19 16 20 15
20 17 9 4 19 16 21 16 20 16 19 17
20 18 14 3 19 18 20 19 21 18
20 19 18 6 19 18 21 19 19 19 20 18 21 18 20 20
20 20 8 5 19 19 21 20 20 21 20 19 19 20
20 21 20 6 21 21 20 20 21 20 20 22 19 21 19 20
20 22 15 6 19 22 20 23 21 22 19 21 20 21 21 21
20 23 13 5 20 22 19 23 20 24 21 22 19 22
20 24 8 5 19 24 19 23 21 24 21 23 20 23
21 0 10 4 20 0 22 1 21 1 20 1
21 1 11 4 22 2 22 1 21 0 20 2
21 2 12 3 21 3 20 2 20 3
21 3 11 5 21 4 21 2 20 3 22 4 20 4
21 4 12 5 21 3 20 4 20 5 22 4 22 5
21 5 11 4 22 6 21 6 20 6 22 5
21 6 14 3 21 5 20 6 20 7
21 7 11 4 20 8 21 8 22 7 20 7
21 8 14 6 21 9 22 9 21 7 20 9 22 8 20 8
21 9 18 4 21 8 21 10 22 9 20 10
21 10 11 5 20 10 21 9 22 11 20 11 21 11
21 11 15 4 20 12 20 11 22 12 21 10
21 12 9 5 21 13 20 12 20 13 22 13 22 12
21 13 20 3 21 12 22 14 21 14
21 14 10 5 20 15 22 14 22 15 20 14 21 13
21 15 14 5 22 15 20 16 22 16 21 16 20 15
21 16 10 6 20 16 20 17 22 17 22 16 21 15 21 17
21 17 16 2 22 18 21 16
21 18 14 5 20 19 21 19 22 18 20 18 22 19
21 19 18 5 20 19 22 20 22 19 21 18 21 20
21 20 9 5 20 20 22 21 20 21 22 20 21 19
21 21 15 5 20 21 22 22 21 22 22 21 20 22
21 22 12 6 22 23 20 22 20 23 22 22 21 21 21 23
21 23 15 4 21 24 20 24 21 22 22 24
21 24 19 3 21 23 20 24 22 24
22 0 15 2 22 1 23 0
22 1 19 6 23 0 21 0 21 1 22 0 23 1 22 2
22 2 19 4 21 1 23 1 22 1 23 2
22 3 9 2 23 2 22 4
22 4 15 6 23 4 22 3 21 4 21 3 23 3 22 5
22 5 11 6 21 5 23 4 23 5 21 4 22 6 22 4
22 6 12 4 21 5 23 6 22 5 22 7
22 7 17 3 23 6 21 7 22 6
22 8 15 2 21 8 23 7
22 9 16 4 21 8 21 9 23 9 23 8
22 10 19 2 23 10 23 9
22 11 11 4 23 10 21 10 23 11 22 12
22 12 8 6 22 13 21 11 23 12 23 11 22 11 21 12
22 13 17 3 23 12 22 12 21 12
22 14 18 4 21 14 23 14 22 15 21 13
22 15 19 5 21 15 21 14 22 14 23 14 22 16
22 16 10 5 21 15 21 16 23 15 23 16 22 15
22 17 11 2 21 16 22 18
22 18 14 6 22 19 23 17 21 17 23 18 21 18 22 17
22 19 9 6 22 18 23 19 21 19 22 20 23 18 21 18
22 20 18 5 23 20 23 19 21 19 21 20 22 19
22 21 20 5 23 20 21 20 22 22 23 21 21 21
22 22 17 6 23 22 22 21 22 23 21 21 21 22 23 21
22 23 20 5 23 22 21 22 22 24 23 23 22 22
22 24 16 4 23 24 22 23 21 24 21 23
23 0 8 4 22 1 24 0 24 1 22 0
23 1 9 5 24 1 23 2 22 2 22 1 24 2
23 2 20 6 24 3 22 3 23 1 24 2 22 2 23 3
23 3 10 4 24 4 24 3 22 4 23 2
23 4 14 5 24 5 22 4 23 5 24 4 22 5
23 5 15 3 23 4 24 6 22 5
23 6 17 4 24 7 22 7 22 6 24 6
23 7 10 4 23 8 24 8 24 7 22 8
23 8 19 4 23 7 24 8 24 9 22 9
23 9 9 4 24 10 22 10 23 10 22 9
23 10 19 5 22 10 24 10 22 11 23 9 23 11
23 11 16 3 22 11 22 12 23 10
23 12 19 5 24 13 22 13 24 12 23 13 22 12
23 13 16 2 24 13 23 12
23 14 17 4 24 15 22 14 24 14 22 15
23 15 20 3 23 16 24 16 22 16
23 16 16 4 23 17 23 15 24 16 22 16
23 17 18 3 22 18 23 16 24 18
23 18 12 4 22 18 22 19 23 19 24 19
23 19 10 5 23 20 22 19 22 20 24 20 23 18
23 20 10 5 22 20 23 19 22 21 24 20 24 21
23 21 16 5 24 22 24 21 22 21 23 22 22 22
23 22 11 4 22 23 22 22 24 23 23 21
23 23 14 4 22 23 23 24 24 24 24 23
23 24 20 3 22 24 24 24 23 23
24 0 13 2 23 0 24 1
24 1 15 4 23 1 23 0 24 0 24 2
24 2 12 4 23 2 24 3 23 1 24 1
24 3 14 4 23 2 24 4 23 3 24 2
24 4 13 3 23 4 24 3 23 3
24 5 10 2 23 4 24 6
24 6 19 4 24 7 23 6 23 5 24 5
24 7 10 4 23 6 24 6 24 8 23 7
24 8 8 4 24 7 23 8 23 7 24 9
24 9 12 2 23 8 24 8
24 10 8 3 23 10 23 9 24 11
24 11 9 2 24 12 24 10
24 12 13 3 23 12 24 11 24 13
24 13 17 3 23 12 23 13 24 12
24 14 17 2 23 14 24 15
24 15 17 2 23 14 24 14
24 16 9 3 24 17 23 15 23 16
24 17 18 2 24 16 24 18
24 18 13 3 24 19 24 17 23 17
24 19 9 3 24 20 24 18 23 18
24 20 17 4 24 21 23 20 24 19 23 19
24 21 15 4 24 20 23 20 24 22 23 21
24 22 14 3 23 21 24 21 24 23
24 23 15 4 24 24 23 22 23 23 24 22
24 24 9 3 23 24 23 23 24 23
3 2 19 0 4 20 18 21 