625
0 0 15 1 0 1
0 1 14 2 0 0 1 0
0 2 8 2 1 2 1 1
0 3 14 2 0 4 1 2
0 4 11 3 0 5 0 3 1 3
0 5 17 3 0 4 1 4 1 5
0 6 8 2 1 6 1 5
0 7 19 2 1 7 1 6
0 8 11 1 1 8
0 9 13 1 0 10
0 10 12 2 1 10 0 9
0 11 18 3 1 10 0 12 1 11
0 12 9 1 0 11
0 13 9 2 1 13 0 14
0 14 11 3 1 13 1 14 0 13
0 15 18 1 1 15
0 16 17 1 0 17
0 17 15 2 0 18 0 16
0 18 14 3 1 17 0 17 1 18
0 19 19 1 0 20
0 20 15 3 0 21 0 19 1 20
0 21 16 2 0 20 1 21
0 22 9 1 1 21
0 23 12 2 1 23 0 24
0 24 20 3 1 23 0 23 1 24
1 0 18 3 2 0 1 1 0 1
1 1 17 3 2 1 1 0 0 2
1 2 11 2 0 2 0 3
1 3 20 3 0 4 2 3 2 4
1 4 14 2 0 5 2 5
1 5 9 4 2 5 0 5 2 6 0 6
1 6 10 2 0 6 0 7
1 7 18 1 0 7
1 8 15 2 2 9 0 8
1 9 16 2 2 10 2 9
1 10 18 3 0 11 0 10 2 10
1 11 13 1 0 11
1 12 19 1 2 13
1 13 10 3 0 14 0 13 2 13
1 14 10 4 2 15 0 14 1 15 2 14
1 15 20 4 1 16 2 16 1 14 0 15
1 16 13 2 1 15 1 17
1 17 10 2 0 18 1 16
1 18 18 3 1 19 0 18 2 18
1 19 15 2 1 18 2 19
1 20 18 1 0 20
1 21 10 3 1 22 0 21 0 22
1 22 16 2 1 23 1 21
1 23 15 3 0 23 0 24 1 22
1 24 15 2 2 24 0 24
2 0 12 1 1 0
2 1 20 1 1 1
2 2 10 1 3 1
2 3 8 1 1 3
2 4 8 1 1 3
2 5 13 3 3 4 1 5 1 4
2 6 18 1 1 5
2 7 18 1 3 7
2 8 20 2 3 7 3 8
2 9 8 3 1 8 3 8 1 9
2 10 17 2 1 9 1 10
2 11 13 2 2 12 3 10
2 12 16 2 3 12 2 11
2 13 10 2 1 12 1 13
2 14 10 1 1 14
2 15 8 1 1 14
2 16 16 3 3 16 1 15 3 15
2 17 19 1 3 16
2 18 20 1 1 18
2 19 20 2 1 19 2 20
2 20 10 2 3 20 2 19
2 21 12 2 3 20 2 22
2 22 18 1 2 21
2 23 9 1 2 24
2 24 11 3 3 23 2 23 1 24
3 0 11 2 4 1 4 0
3 1 14 2 4 1 2 2
3 2 9 2 3 3 4 3
3 3 8 2 4 4 3 2
3 4 10 3 2 5 4 4 3 5
3 5 11 2 4 6 3 4
3 6 18 1 4 6
3 7 12 4 2 7 3 8 4 8 2 8
3 8 10 4 3 7 3 9 2 9 2 8
3 9 14 1 3 8
3 10 16 2 3 11 2 11
3 11 20 3 3 10 3 12 4 11
3 12 9 2 2 12 3 11
3 13 14 1 4 13
3 14 17 1 4 15
3 15 19 3 4 15 4 16 2 16
3 16 20 2 2 16 2 17
3 17 11 2 3 18 4 18
3 18 16 2 4 19 3 17
3 19 16 2 4 19 4 20
3 20 16 3 2 20 3 21 2 21
3 21 8 4 4 21 4 22 3 20 3 22
3 22 9 3 4 23 4 22 3 21
3 23 9 3 2 24 4 24 4 23
3 24 12 1 4 24
4 0 12 1 3 0
4 1 13 3 3 1 3 0 5 0
4 2 20 1 4 3
4 3 16 4 3 2 5 2 5 3 4 2
4 4 14 4 3 3 5 4 3 4 4 5
4 5 16 2 5 4 4 4
4 6 11 2 3 6 3 5
4 7 17 1 5 6
4 8 11 2 3 7 4 9
4 9 20 2 4 8 4 10
4 10 18 2 5 9 4 9
4 11 10 2 3 11 4 12
4 12 17 2 4 11 5 12
4 13 11 2 3 13 5 13
4 14 9 2 5 14 5 13
4 15 8 2 3 15 3 14
4 16 15 1 3 15
4 17 18 1 5 17
4 18 8 1 3 17
4 19 15 3 5 19 3 18 3 19
4 20 15 1 3 19
4 21 16 2 3 21 5 21
4 22 17 2 3 21 3 22
4 23 12 3 3 22 3 23 5 22
4 24 18 4 5 24 3 23 5 23 3 24
5 0 13 2 4 1 6 0
5 1 18 1 5 2
5 2 13 2 4 3 5 1
5 3 11 2 6 4 4 3
5 4 10 3 4 5 4 4 6 5
5 5 16 2 6 5 5 6
5 6 12 3 4 7 6 6 5 5
5 7 17 1 6 7
5 8 8 2 5 9 6 8
5 9 16 4 5 8 6 10 4 10 5 10
5 10 18 1 5 9
5 11 20 1 6 12
5 12 18 2 5 13 4 12
5 13 9 4 5 12 4 14 4 13 6 13
5 14 11 3 5 15 6 15 4 14
5 15 11 1 5 14
5 16 12 2 5 17 6 16
5 17 9 5 4 17 5 18 5 16 6 17 6 18
5 18 13 1 5 17
5 19 11 3 4 19 6 20 6 19
5 20 20 1 6 21
5 21 9 3 6 22 6 21 4 21
5 22 12 1 4 23
5 23 18 1 4 24
5 24 14 1 4 24
6 0 20 2 6 1 5 0
6 1 9 3 7 1 7 0 6 0
6 2 8 1 7 1
6 3 10 3 6 4 7 2 7 3
6 4 13 2 6 3 5 3
6 5 8 4 7 4 5 5 7 5 5 4
6 6 11 2 6 7 5 6
6 7 9 3 6 8 6 6 5 7
6 8 12 4 6 7 6 9 5 8 7 8
6 9 12 1 6 8
6 10 13 1 5 9
6 11 12 1 6 12
6 12 17 3 5 11 6 11 7 12
6 13 20 1 5 13
6 14 15 1 7 13
6 15 18 3 7 14 7 15 5 14
6 16 11 1 5 16
6 17 12 3 5 17 7 16 7 17
6 18 16 1 5 17
6 19 13 3 7 19 7 18 5 19
6 20 13 3 5 19 7 20 6 21
6 21 13 3 5 21 5 20 6 20
6 22 20 3 5 21 7 21 7 22
6 23 12 1 7 23
6 24 20 1 7 23
7 0 11 3 7 1 6 1 8 0
7 1 17 4 7 0 7 2 6 1 6 2
7 2 8 4 7 1 8 3 6 3 7 3
7 3 14 2 7 2 6 3
7 4 10 2 8 5 6 5
7 5 20 3 6 5 8 5 7 6
7 6 20 1 7 5
7 7 9 1 8 7
7 8 18 2 8 8 6 8
7 9 16 1 7 10
7 10 15 2 7 9 7 11
7 11 14 2 7 12 7 10
7 12 11 4 7 11 8 13 7 13 6 12
7 13 15 3 8 13 7 12 6 14
7 14 13 2 6 15 8 14
7 15 20 2 6 15 7 16
7 16 8 2 7 15 6 17
7 17 10 2 8 17 6 17
7 18 9 2 7 19 6 19
7 19 8 4 6 19 7 18 8 19 8 20
7 20 17 2 6 20 7 21
7 21 13 3 6 22 7 22 7 20
7 22 14 4 8 22 7 23 7 21 6 22
7 23 19 5 6 23 7 22 8 23 7 24 6 24
7 24 13 2 7 23 8 24
8 0 10 2 9 0 7 0
8 1 9 1 8 2
8 2 16 2 9 1 8 1
8 3 17 3 8 4 7 2 9 2
8 4 19 2 8 3 9 4
8 5 12 4 7 4 8 6 7 5 9 5
8 6 19 2 8 5 8 7
8 7 14 3 7 7 8 6 9 7
8 8 19 1 7 8
8 9 14 1 9 8
8 10 19 1 8 11
8 11 20 2 8 10 9 11
8 12 18 1 9 11
8 13 19 4 7 13 9 13 8 14 7 12
8 14 12 2 8 13 7 14
8 15 18 1 8 16
8 16 13 3 8 15 9 16 8 17
8 17 11 4 7 17 9 17 8 18 8 16
8 18 19 2 8 17 8 19
8 19 13 2 7 19 8 18
8 20 19 1 7 19
8 21 14 3 9 20 9 21 8 22
8 22 8 3 7 22 8 23 8 21
8 23 9 3 8 22 7 23 9 23
8 24 10 1 7 24
9 0 11 3 9 1 10 0 8 0
9 1 20 2 9 0 8 2
9 2 8 2 9 3 8 3
9 3 18 1 9 2
9 4 12 2 10 5 8 4
9 5 16 2 10 6 8 5
9 6 17 1 10 6
9 7 19 3 10 7 10 8 8 7
9 8 16 3 10 9 8 9 9 9
9 9 19 3 9 10 10 10 9 8
9 10 10 2 10 11 9 9
9 11 13 4 8 12 8 11 10 12 10 11
9 12 13 2 10 12 10 13
9 13 16 2 8 13 10 14
9 14 14 1 10 15
9 15 14 1 9 16
9 16 19 3 10 16 8 16 9 15
9 17 20 3 10 17 9 18 8 17
9 18 16 1 9 17
9 19 10 1 10 20
9 20 19 1 8 21
9 21 18 3 8 21 10 22 9 22
9 22 15 1 9 21
9 23 14 2 8 23 10 24
9 24 16 1 10 24
10 0 16 2 10 1 9 0
10 1 20 2 10 0 11 0
10 2 17 3 11 1 11 2 10 3
10 3 15 2 10 2 11 3
10 4 11 1 11 3
10 5 12 1 9 4
10 6 8 3 11 5 9 6 9 5
10 7 9 3 11 6 11 7 9 7
10 8 10 2 11 8 9 7
10 9 16 2 9 8 11 8
10 10 20 4 10 11 11 10 9 9 11 9
10 11 13 3 9 10 10 10 9 11
10 12 19 2 9 12 9 11
10 13 17 1 9 12
10 14 12 3 10 15 11 13 9 13
10 15 13 3 10 14 11 14 9 14
10 16 18 2 9 16 10 17
10 17 18 3 10 16 9 17 10 18
10 18 13 3 10 19 10 17 11 18
10 19 12 2 10 18 10 20
10 20 17 4 11 20 9 19 10 21 10 19
10 21 16 3 11 21 11 20 10 20
10 22 16 3 10 23 11 22 9 21
10 23 11 2 10 22 11 22
10 24 10 2 9 24 9 23
11 0 18 2 12 0 10 1
11 1 9 3 12 2 12 1 10 2
11 2 9 1 10 2
11 3 9 3 10 4 12 4 10 3
11 4 12 1 12 5
11 5 12 3 10 6 12 5 12 6
11 6 15 1 10 7
11 7 9 1 10 7
11 8 9 2 10 8 10 9
11 9 13 2 10 10 12 9
11 10 10 3 10 10 12 11 11 11
11 11 9 2 11 12 11 10
11 12 14 2 11 11 12 12
11 13 13 2 10 14 11 14
11 14 18 3 10 15 11 13 12 15
11 15 10 1 12 15
11 16 15 1 12 17
11 17 9 1 12 17
11 18 8 2 10 18 11 19
11 19 18 1 11 18
11 20 12 3 10 20 11 21 10 21
11 21 20 2 10 21 11 20
11 22 14 3 10 23 10 22 11 23
11 23 20 3 12 23 11 22 11 24
11 24 18 1 11 23
12 0 16 2 11 0 12 1
12 1 13 3 12 2 11 1 12 0
12 2 14 3 12 1 11 1 13 1
12 3 18 2 13 2 13 3
12 4 13 1 11 3
12 5 11 3 13 5 11 4 11 5
12 6 8 3 13 5 11 5 12 7
12 7 10 2 12 6 13 7
12 8 13 1 12 9
12 9 19 2 11 9 12 8
12 10 8 2 12 11 13 10
12 11 13 2 11 10 12 10
12 12 17 3 13 12 12 13 11 12
12 13 20 2 12 12 13 12
12 14 18 2 13 14 13 13
12 15 15 3 13 15 11 15 11 14
12 16 18 2 12 17 13 16
12 17 8 3 11 16 12 16 11 17
12 18 12 1 13 18
12 19 12 1 12 20
12 20 14 2 12 19 13 20
12 21 12 1 13 20
12 22 13 2 12 23 13 22
12 23 11 5 13 22 13 23 11 23 12 22 12 24
12 24 14 2 13 23 12 23
13 0 20 2 13 1 14 0
13 1 16 3 12 2 14 1 13 0
13 2 18 2 12 3 14 3
13 3 16 2 14 3 12 3
13 4 13 2 14 5 14 4
13 5 15 3 12 6 14 6 12 5
13 6 16 1 14 6
13 7 8 2 14 8 12 7
13 8 8 1 14 8
13 9 15 1 14 10
13 10 14 1 12 10
13 11 19 1 14 12
13 12 17 2 12 12 12 13
13 13 19 1 12 14
13 14 19 3 12 14 14 15 13 15
13 15 12 4 14 16 12 15 13 16 13 14
13 16 20 3 13 15 12 16 13 17
13 17 15 3 14 17 14 18 13 16
13 18 15 2 14 18 12 18
13 19 17 1 14 19
13 20 15 4 14 21 12 21 14 20 12 20
13 21 8 1 14 21
13 22 13 5 12 23 14 23 14 22 13 23 12 22
13 23 14 4 12 24 13 24 12 23 13 22
13 24 16 1 13 23
14 0 8 1 13 0
14 1 16 3 15 1 13 1 14 2
14 2 17 2 15 1 14 1
14 3 14 5 13 2 14 4 15 2 13 3 15 3
14 4 10 3 14 3 15 4 13 4
14 5 20 2 13 4 15 5
14 6 13 3 13 5 14 7 13 6
14 7 9 1 14 6
14 8 17 4 13 7 15 8 13 8 14 9
14 9 14 3 14 10 15 9 14 8
14 10 18 2 14 9 13 9
14 11 10 1 14 12
14 12 8 3 13 11 14 11 15 12
14 13 9 2 14 14 15 12
14 14 17 3 14 13 15 14 15 13
14 15 14 1 13 14
14 16 10 2 13 15 15 15
14 17 14 2 13 17 15 17
14 18 13 2 13 18 13 17
14 19 11 2 14 20 13 19
14 20 14 4 14 19 15 20 13 20 15 19
14 21 11 3 13 21 13 20 15 21
14 22 17 2 13 22 15 21
14 23 11 2 14 24 13 22
14 24 12 1 14 23
15 0 8 2 16 1 16 0
15 1 8 3 14 1 14 2 16 1
15 2 19 2 14 3 15 3
15 3 11 3 16 4 15 2 14 3
15 4 12 1 14 4
15 5 20 1 14 5
15 6 12 1 15 7
15 7 20 2 15 6 16 8
15 8 14 3 14 8 16 9 16 8
15 9 16 2 16 10 14 9
15 10 15 3 16 11 16 10 15 11
15 11 20 3 16 12 15 10 15 12
15 12 8 3 14 13 15 11 14 12
15 13 9 3 16 13 16 14 14 14
15 14 16 1 14 14
15 15 20 2 14 16 16 15
15 16 15 1 16 16
15 17 12 2 14 17 15 18
15 18 18 1 15 17
15 19 10 1 14 20
15 20 16 2 16 20 14 20
15 21 13 3 14 22 14 21 16 21
15 22 20 2 16 23 16 22
15 23 8 2 16 23 15 24
15 24 11 1 15 23
16 0 20 1 15 0
16 1 12 3 15 0 15 1 17 1
16 2 10 2 16 3 17 1
16 3 15 1 16 2
16 4 11 2 17 4 15 3
16 5 15 1 17 5
16 6 14 1 16 7
16 7 18 3 17 6 16 6 17 7
16 8 11 3 15 7 17 8 15 8
16 9 13 2 17 9 15 8
16 10 20 4 15 9 17 9 15 10 16 11
16 11 11 2 15 10 16 10
16 12 11 1 15 11
16 13 9 2 17 13 15 13
16 14 20 3 15 13 16 15 17 14
16 15 19 3 16 14 17 15 15 15
16 16 14 2 15 16 16 17
16 17 20 3 16 18 17 16 16 16
16 18 13 4 16 19 17 17 17 18 16 17
16 19 13 2 16 18 17 19
16 20 17 2 17 19 15 20
16 21 17 1 15 21
16 22 19 1 15 22
16 23 19 3 17 22 15 22 15 23
16 24 11 1 17 23
17 0 19 2 17 1 18 1
17 1 14 4 17 0 17 2 16 2 16 1
17 2 15 3 17 3 17 1 18 2
17 3 11 3 17 2 17 4 18 4
17 4 15 3 16 4 17 3 17 5
17 5 13 2 16 5 17 4
17 6 19 2 18 6 16 7
17 7 13 1 16 7
17 8 20 2 17 9 16 8
17 9 15 4 17 8 17 10 16 10 16 9
17 10 10 2 17 9 18 10
17 11 18 1 18 12
17 12 20 3 17 13 18 13 18 12
17 13 15 3 18 13 16 13 17 12
17 14 15 3 17 15 16 14 18 15
17 15 16 3 18 16 17 14 16 15
17 16 16 1 16 17
17 17 13 2 16 18 18 17
17 18 15 2 17 19 16 18
17 19 19 4 17 18 16 20 16 19 17 20
17 20 8 1 17 19
17 21 11 1 17 22
17 22 17 3 16 23 18 23 17 21
17 23 10 3 16 24 18 23 18 24
17 24 10 1 18 24
18 0 16 1 19 0
18 1 8 2 17 0 19 0
18 2 11 3 17 2 19 1 18 3
18 3 11 1 18 2
18 4 12 1 17 3
18 5 12 1 19 4
18 6 12 3 17 6 19 6 18 7
18 7 8 2 18 8 18 6
18 8 10 4 18 9 19 8 18 7 19 7
18 9 11 2 18 8 19 9
18 10 18 1 17 10
18 11 10 1 19 10
18 12 18 3 19 11 17 12 17 11
18 13 12 3 17 13 18 14 17 12
18 14 13 1 18 13
18 15 9 2 18 16 17 14
18 16 11 2 17 15 18 15
18 17 17 2 17 17 19 17
18 18 10 1 19 17
18 19 8 2 19 19 19 18
18 20 9 1 18 21
18 21 17 2 18 20 18 22
18 22 10 2 19 21 18 21
18 23 17 4 19 23 19 22 17 22 17 23
18 24 12 2 17 23 17 24
19 0 20 3 20 0 18 0 18 1
19 1 11 3 20 1 18 2 19 2
19 2 19 1 19 1
19 3 15 1 19 4
19 4 12 3 20 4 19 3 18 5
19 5 9 1 20 5
19 6 12 2 18 6 20 6
19 7 19 2 20 8 18 8
19 8 18 2 18 8 20 9
19 9 12 1 18 9
19 10 20 2 18 11 20 10
19 11 17 2 20 11 18 12
19 12 15 1 20 12
19 13 10 1 20 13
19 14 18 2 20 15 19 15
19 15 16 3 20 15 20 16 19 14
19 16 10 2 20 17 19 17
19 17 15 4 19 18 18 18 18 17 19 16
19 18 10 4 20 19 18 19 19 17 20 18
19 19 8 3 18 19 20 20 19 20
19 20 10 2 19 21 19 19
19 21 9 3 19 20 18 22 20 22
19 22 13 3 18 23 20 22 19 23
19 23 9 4 18 23 19 22 20 23 20 24
19 24 17 1 20 24
20 0 18 3 19 0 21 0 20 1
20 1 14 3 19 1 20 0 20 2
20 2 19 3 20 3 21 2 20 1
20 3 19 3 20 2 20 4 21 3
20 4 12 3 19 4 20 3 21 4
20 5 11 2 19 5 21 4
20 6 18 2 21 5 19 6
20 7 10 1 20 8
20 8 16 3 21 7 20 7 19 7
20 9 8 2 19 8 20 10
20 10 13 4 20 11 20 9 19 10 21 10
20 11 20 3 20 10 19 11 21 11
20 12 8 4 20 13 21 11 21 12 19 12
20 13 18 2 20 12 19 13
20 14 13 2 20 15 21 14
20 15 19 4 21 14 20 14 19 15 19 14
20 16 9 3 21 16 21 15 19 15
20 17 17 2 19 16 21 16
20 18 14 1 19 18
20 19 8 3 19 18 21 19 21 18
20 20 11 3 19 19 21 20 20 21
20 21 8 2 21 21 20 20
20 22 13 4 19 22 20 23 21 22 19 21
20 23 19 2 20 22 19 23
20 24 11 3 19 24 19 23 21 24
21 0 12 2 20 0 22 1
21 1 11 2 22 2 22 1
21 2 19 2 21 3 20 2
21 3 8 3 21 4 21 2 20 3
21 4 14 3 21 3 20 4 20 5
21 5 10 4 22 6 21 6 20 6 22 5
21 6 9 1 21 5
21 7 18 2 20 8 21 8
21 8 9 4 21 9 22 9 21 7 22 8
21 9 10 1 21 8
21 10 9 1 20 10
21 11 17 3 20 12 20 11 22 12
21 12 18 2 21 13 20 12
21 13 9 1 21 12
21 14 8 4 20 15 22 14 22 15 20 14
21 15 10 3 22 15 20 16 22 16
21 16 20 3 20 16 20 17 22 17
21 17 16 1 22 18
21 18 20 1 20 19
21 19 14 2 20 19 22 20
21 20 15 1 20 20
21 21 19 1 20 21
21 22 10 2 22 23 20 22
21 23 14 1 21 24
21 24 17 2 21 23 20 24
22 0 10 1 22 1
22 1 15 4 23 0 21 0 21 1 22 0
22 2 13 2 21 1 23 1
22 3 11 1 23 2
22 4 17 1 23 4
22 5 19 1 21 5
22 6 20 2 21 5 23 6
22 7 12 1 23 6
22 8 12 1 21 8
22 9 20 1 21 8
22 10 14 2 23 10 23 9
22 11 11 2 23 10 23 11
22 12 17 2 22 13 21 11
22 13 9 2 23 12 22 12
22 14 17 3 21 14 23 14 22 15
22 15 14 4 21 15 21 14 22 14 23 14
22 16 14 1 21 15
22 17 11 1 21 16
22 18 15 4 22 19 23 17 21 17 23 18
22 19 17 2 22 18 23 19
22 20 20 3 23 20 23 19 21 19
22 21 17 1 23 20
22 22 20 1 23 22
22 23 17 4 23 22 21 22 22 24 23 23
22 24 14 2 23 24 22 23
23 0 10 2 22 1 24 0
23 1 10 3 24 1 23 2 22 2
23 2 17 4 24 3 22 3 23 1 24 2
23 3 8 1 24 4
23 4 19 4 24 5 22 4 23 5 24 4
23 5 13 1 23 4
23 6 19 3 24 7 22 7 22 6
23 7 20 1 23 8
23 8 14 3 23 7 24 8 24 9
23 9 9 2 24 10 22 10
23 10 18 3 22 10 24 10 22 11
23 11 10 1 22 11
23 12 13 3 24 13 22 13 24 12
23 13 14 1 24 13
23 14 15 4 24 15 22 14 24 14 22 15
23 15 13 2 23 16 24 16
23 16 15 2 23 17 23 15
23 17 18 2 22 18 23 16
23 18 15 1 22 18
23 19 15 3 23 20 22 19 22 20
23 20 9 4 22 20 23 19 22 21 24 20
23 21 20 1 24 22
23 22 12 2 22 23 22 22
23 23 20 2 22 23 23 24
23 24 13 3 22 24 24 24 23 23
24 0 8 1 23 0
24 1 19 1 23 1
24 2 12 1 23 2
24 3 16 2 23 2 24 4
24 4 19 3 23 4 24 3 23 3
24 5 15 1 23 4
24 6 9 1 24 7
24 7 19 3 23 6 24 6 24 8
24 8 9 2 24 7 23 8
24 9 15 1 23 8
24 10 10 3 23 10 23 9 24 11
24 11 8 2 24 12 24 10
24 12 11 2 23 12 24 11
24 13 13 2 23 12 23 13
24 14 11 1 23 14
24 15 14 1 23 14
24 16 13 2 24 17 23 15
24 17 10 1 24 16
24 18 20 1 24 19
24 19 9 2 24 20 24 18
24 20 15 3 24 21 23 20 24 19
24 21 16 2 24 20 24 22
24 22 12 2 23 21 24 21
24 23 13 1 24 24
24 24 20 2 23 24 24 23
0 5 20 4 2 20 18 22 