625
0 0 14 1 0 1
0 1 19 3 0 0 1 0 0 2
0 2 19 3 1 2 1 1 0 1
0 3 15 2 0 4 1 2
0 4 18 3 0 5 0 3 1 3
0 5 9 4 0 4 1 4 1 5 0 6
0 6 8 4 1 6 0 7 1 5 0 5
0 7 16 3 1 7 1 6 0 6
0 8 9 1 1 8
0 9 19 1 0 10
0 10 10 3 1 10 0 9 1 9
0 11 19 3 1 10 0 12 1 11
0 12 13 1 0 11
0 13 17 2 1 13 0 14
0 14 15 3 1 13 1 14 0 13
0 15 17 1 1 15
0 16 8 1 0 17
0 17 18 2 0 18 0 16
0 18 9 3 1 17 0 17 1 18
0 19 15 2 0 20 1 18
0 20 20 3 0 21 0 19 1 20
0 21 20 2 0 20 1 21
0 22 17 1 1 21
0 23 19 3 1 23 0 24 1 22
0 24 18 3 1 23 0 23 1 24
1 0 10 3 2 0 1 1 0 1
1 1 16 3 2 1 1 0 0 2
1 2 12 3 0 2 0 3 2 3
1 3 19 3 0 4 2 3 2 4
1 4 12 2 0 5 2 5
1 5 8 4 2 5 0 5 2 6 0 6
1 6 14 2 0 6 0 7
1 7 8 2 0 7 2 8
1 8 17 2 2 9 0 8
1 9 13 3 2 10 2 9 0 10
1 10 20 3 0 11 0 10 2 10
1 11 16 1 0 11
1 12 16 1 2 13
1 13 12 3 0 14 0 13 2 13
1 14 16 4 2 15 0 14 1 15 2 14
1 15 12 4 1 16 2 16 1 14 0 15
1 16 16 2 1 15 1 17
1 17 20 2 0 18 1 16
1 18 15 4 1 19 0 18 2 18 0 19
1 19 19 3 1 18 2 19 2 20
1 20 20 1 0 20
1 21 13 4 1 22 0 21 2 21 0 22
1 22 10 3 1 23 1 21 0 23
1 23 19 3 0 23 0 24 1 22
1 24 9 2 2 24 0 24
2 0 14 1 1 0
2 1 8 1 1 1
2 2 18 1 3 1
2 3 11 2 1 3 1 2
2 4 11 1 1 3
2 5 14 4 3 4 1 5 1 4 2 6
2 6 9 2 1 5 2 5
2 7 12 1 3 7
2 8 20 3 3 7 3 8 1 7
2 9 10 4 1 8 3 8 1 9 3 9
2 10 12 2 1 9 1 10
2 11 16 2 2 12 3 10
2 12 18 2 3 12 2 11
2 13 19 2 1 12 1 13
2 14 13 2 1 14 3 13
2 15 18 1 1 14
2 16 19 3 3 16 1 15 3 15
2 17 10 1 3 16
2 18 11 1 1 18
2 19 11 2 1 19 2 20
2 20 13 4 3 20 2 19 1 19 3 19
2 21 19 3 3 20 1 21 2 22
2 22 14 1 2 21
2 23 11 1 2 24
2 24 14 3 3 23 2 23 1 24
3 0 16 2 4 1 4 0
3 1 18 2 4 1 2 2
3 2 8 2 3 3 4 3
3 3 9 2 4 4 3 2
3 4 19 3 2 5 4 4 3 5
3 5 12 3 4 6 3 4 3 6
3 6 8 2 4 6 3 5
3 7 20 4 2 7 3 8 4 8 2 8
3 8 18 4 3 7 3 9 2 9 2 8
3 9 20 2 3 8 2 9
3 10 9 2 3 11 2 11
3 11 18 3 3 10 3 12 4 11
3 12 8 2 2 12 3 11
3 13 17 3 4 13 2 14 3 14
3 14 14 2 4 15 3 13
3 15 17 3 4 15 4 16 2 16
3 16 12 2 2 16 2 17
3 17 9 2 3 18 4 18
3 18 13 4 4 19 3 17 4 18 3 19
3 19 10 4 4 19 2 20 4 20 3 18
3 20 18 3 2 20 3 21 2 21
3 21 11 4 4 21 4 22 3 20 3 22
3 22 20 3 4 23 4 22 3 21
3 23 8 3 2 24 4 24 4 23
3 24 12 1 4 24
4 0 16 1 3 0
4 1 11 3 3 1 3 0 5 0
4 2 14 1 4 3
4 3 13 5 3 2 5 2 5 3 4 4 4 2
4 4 13 5 3 3 5 4 3 4 4 5 4 3
4 5 17 2 5 4 4 4
4 6 12 2 3 6 3 5
4 7 13 2 5 6 4 8
4 8 12 3 3 7 4 9 4 7
4 9 17 2 4 8 4 10
4 10 12 2 5 9 4 9
4 11 9 2 3 11 4 12
4 12 10 2 4 11 5 12
4 13 20 2 3 13 5 13
4 14 17 2 5 14 5 13
4 15 10 3 3 15 3 14 4 16
4 16 10 4 3 15 4 15 4 17 5 16
4 17 15 2 5 17 4 16
4 18 9 2 3 17 3 18
4 19 20 3 5 19 3 18 3 19
4 20 10 1 3 19
4 21 18 2 3 21 5 21
4 22 12 2 3 21 3 22
4 23 12 3 3 22 3 23 5 22
4 24 16 4 5 24 3 23 5 23 3 24
5 0 13 3 4 1 6 0 5 1
5 1 16 2 5 2 5 0
5 2 17 2 4 3 5 1
5 3 8 2 6 4 4 3
5 4 12 3 4 5 4 4 6 5
5 5 15 2 6 5 5 6
5 6 13 3 4 7 6 6 5 5
5 7 9 1 6 7
5 8 12 3 5 9 6 8 6 9
5 9 18 4 5 8 6 10 4 10 5 10
5 10 17 1 5 9
5 11 8 1 6 12
5 12 19 2 5 13 4 12
5 13 19 5 5 12 4 14 4 13 6 13 5 14
5 14 15 4 5 15 6 15 4 14 5 13
5 15 15 1 5 14
5 16 17 3 5 17 6 16 4 16
5 17 11 5 4 17 5 18 5 16 6 17 6 18
5 18 10 1 5 17
5 19 14 4 4 19 6 20 6 19 5 20
5 20 11 3 6 21 5 21 5 19
5 21 18 4 6 22 6 21 4 21 5 20
5 22 18 2 4 23 6 23
5 23 16 2 4 24 5 24
5 24 18 3 4 24 5 23 6 24
6 0 17 2 6 1 5 0
6 1 9 3 7 1 7 0 6 0
6 2 12 1 7 1
6 3 16 3 6 4 7 2 7 3
6 4 11 3 6 3 5 3 6 5
6 5 17 5 7 4 5 5 7 5 5 4 6 4
6 6 11 2 6 7 5 6
6 7 16 4 6 8 6 6 5 7 7 6
6 8 13 4 6 7 6 9 5 8 7 8
6 9 12 2 6 8 5 8
6 10 14 1 5 9
6 11 9 2 6 12 7 11
6 12 19 4 5 11 6 11 7 12 6 13
6 13 14 3 5 13 6 12 7 12
6 14 15 1 7 13
6 15 9 4 7 14 7 15 5 14 6 16
6 16 16 2 5 16 6 15
6 17 11 3 5 17 7 16 7 17
6 18 20 1 5 17
6 19 16 3 7 19 7 18 5 19
6 20 11 4 5 19 7 20 6 21 7 19
6 21 19 3 5 21 5 20 6 20
6 22 18 3 5 21 7 21 7 22
6 23 9 3 7 23 5 22 7 22
6 24 16 2 7 23 5 24
7 0 18 3 7 1 6 1 8 0
7 1 20 4 7 0 7 2 6 1 6 2
7 2 20 4 7 1 8 3 6 3 7 3
7 3 10 2 7 2 6 3
7 4 14 2 8 5 6 5
7 5 12 4 6 5 8 5 7 6 8 6
7 6 8 2 7 5 6 7
7 7 11 1 8 7
7 8 8 2 8 8 6 8
7 9 11 1 7 10
7 10 15 2 7 9 7 11
7 11 17 3 7 12 6 11 7 10
7 12 12 5 7 11 8 13 7 13 6 12 6 13
7 13 8 3 8 13 7 12 6 14
7 14 18 2 6 15 8 14
7 15 11 2 6 15 7 16
7 16 18 3 7 15 6 17 8 17
7 17 15 2 8 17 6 17
7 18 15 3 7 19 6 19 8 18
7 19 10 5 6 19 7 18 8 19 8 20 6 20
7 20 9 3 6 20 7 21 8 20
7 21 17 4 6 22 7 22 7 20 8 22
7 22 10 5 8 22 7 23 7 21 6 22 6 23
7 23 17 5 6 23 7 22 8 23 7 24 6 24
7 24 12 2 7 23 8 24
8 0 14 2 9 0 7 0
8 1 14 1 8 2
8 2 20 2 9 1 8 1
8 3 10 4 8 4 7 2 9 2 9 3
8 4 12 2 8 3 9 4
8 5 20 4 7 4 8 6 7 5 9 5
8 6 11 4 8 5 8 7 7 5 9 6
8 7 10 4 7 7 8 6 9 7 8 8
8 8 20 2 7 8 8 7
8 9 15 1 9 8
8 10 19 1 8 11
8 11 14 2 8 10 9 11
8 12 8 1 9 11
8 13 20 4 7 13 9 13 8 14 7 12
8 14 13 3 8 13 7 14 8 15
8 15 17 2 8 16 8 14
8 16 14 3 8 15 9 16 8 17
8 17 11 5 7 17 9 17 8 18 8 16 7 16
8 18 13 4 8 17 8 19 7 18 9 17
8 19 8 2 7 19 8 18
8 20 20 4 7 19 7 20 8 21 9 20
8 21 17 4 9 20 9 21 8 22 8 20
8 22 19 5 7 22 8 23 8 21 7 21 9 21
8 23 14 4 8 22 7 23 9 23 8 24
8 24 19 2 7 24 8 23
9 0 15 3 9 1 10 0 8 0
9 1 20 3 9 0 8 2 10 2
9 2 17 3 9 3 8 3 10 2
9 3 9 2 9 2 8 3
9 4 10 3 10 5 8 4 9 5
9 5 15 4 10 6 8 5 9 4 9 6
9 6 12 3 10 6 9 5 8 6
9 7 14 3 10 7 10 8 8 7
9 8 19 4 10 9 8 9 9 9 10 8
9 9 20 3 9 10 10 10 9 8
9 10 11 2 10 11 9 9
9 11 15 4 8 12 8 11 10 12 10 11
9 12 16 3 10 12 10 13 9 13
9 13 20 3 8 13 10 14 9 12
9 14 20 1 10 15
9 15 11 1 9 16
9 16 20 3 10 16 8 16 9 15
9 17 11 5 10 17 9 18 8 17 8 18 10 18
9 18 12 1 9 17
9 19 8 1 10 20
9 20 13 2 8 21 8 20
9 21 19 4 8 21 10 22 8 22 9 22
9 22 13 1 9 21
9 23 17 2 8 23 10 24
9 24 8 1 10 24
10 0 14 2 10 1 9 0
10 1 13 2 10 0 11 0
10 2 15 5 11 1 11 2 10 3 9 2 9 1
10 3 14 3 10 2 11 3 10 4
10 4 16 2 11 3 10 3
10 5 9 3 9 4 11 4 10 6
10 6 18 5 11 5 9 6 9 5 11 6 10 5
10 7 18 3 11 6 11 7 9 7
10 8 16 3 11 8 9 7 9 8
10 9 8 2 9 8 11 8
10 10 15 4 10 11 11 10 9 9 11 9
10 11 15 4 9 10 10 10 9 11 10 12
10 12 16 3 9 12 9 11 10 11
10 13 14 2 9 12 11 13
10 14 19 3 10 15 11 13 9 13
10 15 9 4 10 14 11 14 9 14 10 16
10 16 9 3 9 16 10 17 10 15
10 17 8 3 10 16 9 17 10 18
10 18 8 4 10 19 10 17 11 18 9 17
10 19 20 2 10 18 10 20
10 20 10 4 11 20 9 19 10 21 10 19
10 21 14 3 11 21 11 20 10 20
10 22 16 3 10 23 11 22 9 21
10 23 16 2 10 22 11 22
10 24 14 2 9 24 9 23
11 0 17 2 12 0 10 1
11 1 18 3 12 2 12 1 10 2
11 2 12 2 10 2 12 2
11 3 10 3 10 4 12 4 10 3
11 4 11 3 12 5 11 5 10 5
11 5 18 4 10 6 12 5 12 6 11 4
11 6 11 2 10 7 10 6
11 7 19 1 10 7
11 8 8 3 10 8 10 9 12 9
11 9 14 2 10 10 12 9
11 10 8 3 10 10 12 11 11 11
11 11 15 3 11 12 11 10 12 12
11 12 18 3 11 11 12 12 11 13
11 13 16 5 10 14 11 14 11 12 10 13 12 14
11 14 16 3 10 15 11 13 12 15
11 15 17 2 12 15 11 16
11 16 19 3 12 17 11 15 11 17
11 17 12 2 12 17 11 16
11 18 19 2 10 18 11 19
11 19 17 1 11 18
11 20 16 3 10 20 11 21 10 21
11 21 9 2 10 21 11 20
11 22 14 3 10 23 10 22 11 23
11 23 11 4 12 23 12 24 11 22 11 24
11 24 18 1 11 23
12 0 15 2 11 0 12 1
12 1 10 4 12 2 11 1 12 0 13 0
12 2 14 4 12 1 11 1 13 1 11 2
12 3 15 2 13 2 13 3
12 4 15 1 11 3
12 5 11 4 13 5 11 4 11 5 12 6
12 6 10 5 13 5 11 5 12 7 12 5 13 6
12 7 14 2 12 6 13 7
12 8 14 1 12 9
12 9 13 4 11 9 11 8 13 8 12 8
12 10 20 2 12 11 13 10
12 11 8 2 11 10 12 10
12 12 14 4 13 12 12 13 11 12 11 11
12 13 18 2 12 12 13 12
12 14 19 3 13 14 13 13 11 13
12 15 20 3 13 15 11 15 11 14
12 16 19 2 12 17 13 16
12 17 20 4 11 16 12 16 11 17 13 17
12 18 19 1 13 18
12 19 15 1 12 20
12 20 15 2 12 19 13 20
12 21 14 1 13 20
12 22 19 2 12 23 13 22
12 23 13 5 13 22 13 23 11 23 12 22 12 24
12 24 9 4 13 23 12 23 11 23 13 24
13 0 11 3 13 1 12 1 14 0
13 1 15 3 12 2 14 1 13 0
13 2 18 2 12 3 14 3
13 3 19 3 14 3 12 3 14 4
13 4 16 2 14 5 14 4
13 5 20 3 12 6 14 6 12 5
13 6 13 2 14 6 12 6
13 7 14 2 14 8 12 7
13 8 18 2 14 8 12 9
13 9 16 1 14 10
13 10 11 1 12 10
13 11 11 1 14 12
13 12 14 2 12 12 12 13
13 13 8 1 12 14
13 14 20 3 12 14 14 15 13 15
13 15 9 4 14 16 12 15 13 16 13 14
13 16 15 4 13 15 12 16 13 17 14 16
13 17 10 4 14 17 14 18 13 16 12 17
13 18 20 2 14 18 12 18
13 19 18 2 14 19 13 20
13 20 14 5 14 21 12 21 14 20 12 20 13 19
13 21 13 3 14 21 13 22 14 22
13 22 13 6 12 23 14 23 14 22 13 23 12 22 13 21
13 23 19 4 12 24 13 24 12 23 13 22
13 24 8 2 13 23 12 24
14 0 13 1 13 0
14 1 10 3 15 1 13 1 14 2
14 2 13 2 15 1 14 1
14 3 16 5 13 2 14 4 15 2 13 3 15 3
14 4 17 4 14 3 15 4 13 4 13 3
14 5 16 2 13 4 15 5
14 6 20 3 13 5 14 7 13 6
14 7 18 2 14 6 14 8
14 8 16 5 13 7 15 8 13 8 14 9 14 7
14 9 10 3 14 10 15 9 14 8
14 10 20 4 14 9 15 10 13 9 15 9
14 11 11 1 14 12
14 12 18 3 13 11 14 11 15 12
14 13 9 2 14 14 15 12
14 14 12 3 14 13 15 14 15 13
14 15 14 1 13 14
14 16 12 3 13 15 15 15 13 16
14 17 13 2 13 17 15 17
14 18 18 3 13 18 13 17 14 19
14 19 17 4 14 20 13 19 14 18 15 18
14 20 9 4 14 19 15 20 13 20 15 19
14 21 9 4 13 21 13 20 15 21 15 20
14 22 11 4 13 22 15 21 13 21 14 23
14 23 15 3 14 24 13 22 14 22
14 24 11 1 14 23
15 0 20 2 16 1 16 0
15 1 8 3 14 1 14 2 16 1
15 2 14 2 14 3 15 3
15 3 8 3 16 4 15 2 14 3
15 4 10 1 14 4
15 5 9 2 14 5 16 6
15 6 17 1 15 7
15 7 8 2 15 6 16 8
15 8 9 3 14 8 16 9 16 8
15 9 12 3 16 10 14 9 14 10
15 10 9 4 16 11 16 10 15 11 14 10
15 11 14 3 16 12 15 10 15 12
15 12 18 4 14 13 15 11 16 12 14 12
15 13 17 3 16 13 16 14 14 14
15 14 13 1 14 14
15 15 17 2 14 16 16 15
15 16 18 2 16 16 15 17
15 17 12 3 14 17 15 18 15 16
15 18 8 2 15 17 14 19
15 19 19 1 14 20
15 20 18 3 16 20 14 20 14 21
15 21 10 3 14 22 14 21 16 21
15 22 16 2 16 23 16 22
15 23 10 2 16 23 15 24
15 24 12 1 15 23
16 0 17 2 15 0 16 1
16 1 13 4 15 0 15 1 17 1 16 0
16 2 12 2 16 3 17 1
16 3 11 3 16 2 17 2 17 3
16 4 9 2 17 4 15 3
16 5 11 2 17 5 17 4
16 6 16 2 16 7 15 5
16 7 11 4 17 6 16 6 16 8 17 7
16 8 8 4 15 7 17 8 15 8 16 7
16 9 19 2 17 9 15 8
16 10 13 4 15 9 17 9 15 10 16 11
16 11 10 4 15 10 16 10 17 10 17 11
16 12 8 3 15 11 16 13 15 12
16 13 11 4 17 13 15 13 16 12 16 14
16 14 8 5 15 13 16 15 17 14 16 13 17 13
16 15 9 3 16 14 17 15 15 15
16 16 17 2 15 16 16 17
16 17 13 3 16 18 17 16 16 16
16 18 18 4 16 19 17 17 17 18 16 17
16 19 20 2 16 18 17 19
16 20 15 3 17 19 15 20 17 20
16 21 8 1 15 21
16 22 12 2 15 22 16 23
16 23 11 4 17 22 15 22 15 23 16 22
16 24 19 1 17 23
17 0 9 2 17 1 18 1
17 1 13 5 17 0 17 2 16 2 16 1 18 1
17 2 20 4 17 3 17 1 18 2 16 3
17 3 15 4 17 2 17 4 18 4 16 3
17 4 16 4 16 4 17 3 17 5 16 5
17 5 16 2 16 5 17 4
17 6 9 3 18 6 16 7 18 7
17 7 9 1 16 7
17 8 8 2 17 9 16 8
17 9 12 4 17 8 17 10 16 10 16 9
17 10 12 3 17 9 18 10 16 11
17 11 11 2 18 12 16 11
17 12 17 3 17 13 18 13 18 12
17 13 9 5 18 13 16 13 17 12 16 14 18 14
17 14 10 4 17 15 16 14 18 15 18 14
17 15 17 3 18 16 17 14 16 15
17 16 11 1 16 17
17 17 19 2 16 18 18 17
17 18 11 2 17 19 16 18
17 19 8 4 17 18 16 20 16 19 17 20
17 20 13 2 17 19 16 20
17 21 8 1 17 22
17 22 17 3 16 23 18 23 17 21
17 23 13 3 16 24 18 23 18 24
17 24 11 1 18 24
18 0 19 2 19 0 18 1
18 1 13 4 17 0 19 0 18 0 17 1
18 2 18 3 17 2 19 1 18 3
18 3 17 1 18 2
18 4 13 1 17 3
18 5 8 1 19 4
18 6 8 4 17 6 19 6 18 7 19 5
18 7 16 3 18 8 18 6 17 6
18 8 19 4 18 9 19 8 18 7 19 7
18 9 11 2 18 8 19 9
18 10 16 1 17 10
18 11 18 2 19 10 18 12
18 12 12 4 19 11 18 11 17 12 17 11
18 13 9 3 17 13 18 14 17 12
18 14 18 3 18 13 17 14 17 13
18 15 18 2 18 16 17 14
18 16 20 2 17 15 18 15
18 17 15 2 17 17 19 17
18 18 9 1 19 17
18 19 13 2 19 19 19 18
18 20 13 1 18 21
18 21 19 3 18 20 18 22 19 21
18 22 20 2 19 21 18 21
18 23 10 4 19 23 19 22 17 22 17 23
18 24 14 2 17 23 17 24
19 0 20 4 20 0 18 0 18 1 19 1
19 1 17 5 20 1 18 2 19 2 20 2 19 0
19 2 8 1 19 1
19 3 15 2 19 4 20 4
19 4 19 3 20 4 19 3 18 5
19 5 16 2 20 5 18 6
19 6 14 2 18 6 20 6
19 7 19 2 20 8 18 8
19 8 11 3 18 8 20 9 20 8
19 9 9 1 18 9
19 10 18 2 18 11 20 10
19 11 14 2 20 11 18 12
19 12 8 1 20 12
19 13 20 1 20 13
19 14 13 2 20 15 19 15
19 15 15 4 20 15 20 16 19 14 19 16
19 16 18 4 20 17 19 15 20 16 19 17
19 17 17 4 19 18 18 18 18 17 19 16
19 18 8 5 20 19 18 19 19 17 19 19 20 18
19 19 10 5 18 19 20 20 19 20 19 18 20 19
19 20 11 2 19 21 19 19
19 21 13 4 19 20 18 22 20 22 18 21
19 22 15 3 18 23 20 22 19 23
19 23 14 4 18 23 19 22 20 23 20 24
19 24 10 1 20 24
20 0 13 3 19 0 21 0 20 1
20 1 11 3 19 1 20 0 20 2
20 2 12 4 20 3 21 2 20 1 19 1
20 3 18 4 20 2 20 4 21 3 21 2
20 4 20 4 19 4 20 3 21 4 19 3
20 5 20 2 19 5 21 4
20 6 17 2 21 5 19 6
20 7 9 1 20 8
20 8 11 4 21 7 20 7 19 7 19 8
20 9 14 3 19 8 20 10 21 8
20 10 12 4 20 11 20 9 19 10 21 10
20 11 16 4 20 10 19 11 21 11 21 10
20 12 17 4 20 13 21 11 21 12 19 12
20 13 9 2 20 12 19 13
20 14 18 2 20 15 21 14
20 15 13 4 21 14 20 14 19 15 19 14
20 16 10 5 21 16 21 15 19 15 20 17 19 16
20 17 8 3 19 16 21 16 20 16
20 18 17 1 19 18
20 19 10 4 19 18 21 19 19 19 21 18
20 20 10 3 19 19 21 20 20 21
20 21 19 3 21 21 20 20 21 20
20 22 10 4 19 22 20 23 21 22 19 21
20 23 9 2 20 22 19 23
20 24 10 4 19 24 19 23 21 24 21 23
21 0 15 3 20 0 22 1 21 1
21 1 10 3 22 2 22 1 21 0
21 2 13 3 21 3 20 2 20 3
21 3 16 3 21 4 21 2 20 3
21 4 14 4 21 3 20 4 20 5 22 4
21 5 9 4 22 6 21 6 20 6 22 5
21 6 16 1 21 5
21 7 20 2 20 8 21 8
21 8 16 5 21 9 22 9 21 7 20 9 22 8
21 9 17 3 21 8 21 10 22 9
21 10 18 4 20 10 21 9 22 11 20 11
21 11 13 3 20 12 20 11 22 12
21 12 14 2 21 13 20 12
21 13 17 1 21 12
21 14 15 4 20 15 22 14 22 15 20 14
21 15 19 3 22 15 20 16 22 16
21 16 9 3 20 16 20 17 22 17
21 17 15 1 22 18
21 18 12 1 20 19
21 19 8 2 20 19 22 20
21 20 12 3 20 20 22 21 20 21
21 21 13 1 20 21
21 22 8 2 22 23 20 22
21 23 20 2 21 24 20 24
21 24 20 2 21 23 20 24
22 0 11 1 22 1
22 1 16 6 23 0 21 0 21 1 22 0 23 1 22 2
22 2 15 3 21 1 23 1 22 1
22 3 16 2 23 2 22 4
22 4 11 3 23 4 22 3 21 4
22 5 14 1 21 5
22 6 10 2 21 5 23 6
22 7 9 1 23 6
22 8 12 1 21 8
22 9 11 3 21 8 21 9 23 9
22 10 18 2 23 10 23 9
22 11 19 3 23 10 21 10 23 11
22 12 15 2 22 13 21 11
22 13 18 2 23 12 22 12
22 14 13 3 21 14 23 14 22 15
22 15 15 4 21 15 21 14 22 14 23 14
22 16 10 1 21 15
22 17 12 1 21 16
22 18 10 4 22 19 23 17 21 17 23 18
22 19 9 2 22 18 23 19
22 20 17 3 23 20 23 19 21 19
22 21 19 2 23 20 21 20
22 22 18 1 23 22
22 23 10 4 23 22 21 22 22 24 23 23
22 24 9 2 23 24 22 23
23 0 16 3 22 1 24 0 24 1
23 1 10 4 24 1 23 2 22 2 22 1
23 2 8 4 24 3 22 3 23 1 24 2
23 3 20 1 24 4
23 4 17 4 24 5 22 4 23 5 24 4
23 5 13 2 23 4 24 6
23 6 17 4 24 7 22 7 22 6 24 6
23 7 11 1 23 8
23 8 8 3 23 7 24 8 24 9
23 9 18 4 24 10 22 10 23 10 22 9
23 10 18 4 22 10 24 10 22 11 23 9
23 11 16 1 22 11
23 12 10 3 24 13 22 13 24 12
23 13 8 1 24 13
23 14 17 4 24 15 22 14 24 14 22 15
23 15 16 2 23 16 24 16
23 16 14 3 23 17 23 15 24 16
23 17 16 2 22 18 23 16
23 18 9 1 22 18
23 19 18 3 23 20 22 19 22 20
23 20 11 5 22 20 23 19 22 21 24 20 24 21
23 21 14 1 24 22
23 22 11 2 22 23 22 22
23 23 10 3 22 23 23 24 24 24
23 24 8 3 22 24 24 24 23 23
24 0 18 1 23 0
24 1 11 2 23 1 23 0
24 2 9 1 23 2
24 3 20 2 23 2 24 4
24 4 9 3 23 4 24 3 23 3
24 5 10 1 23 4
24 6 18 3 24 7 23 6 23 5
24 7 8 3 23 6 24 6 24 8
24 8 18 2 24 7 23 8
24 9 18 1 23 8
24 10 19 3 23 10 23 9 24 11
24 11 13 2 24 12 24 10
24 12 10 3 23 12 24 11 24 13
24 13 12 3 23 12 23 13 24 12
24 14 9 1 23 14
24 15 20 1 23 14
24 16 19 3 24 17 23 15 23 16
24 17 11 1 24 16
24 18 20 1 24 19
24 19 15 2 24 20 24 18
24 20 11 3 24 21 23 20 24 19
24 21 19 3 24 20 23 20 24 22
24 22 13 2 23 21 24 21
24 23 10 1 24 24
24 24 20 3 23 24 23 23 24 23
4 1 19 1 2 21 23 22 